0 0.18046875 0.80703125 0.0703125 0.215625
0 0.12578125 0.70390625 0.0453125 0.2046875
0 0.040625 0.65078125 0.07734375 0.09765625
0 0.03984375 0.52734375 0.075 0.1625
0 0.1078125 0.5296875 0.0578125 0.13984375
0 0.1625 0.52421875 0.05 0.14453125
0 0.20859375 0.5234375 0.0390625 0.11796875
0 0.27421875 0.53828125 0.078125 0.178125
0 0.265625 0.8328125 0.07890625 0.1484375
0 0.37109375 0.76484375 0.12578125 0.209375
0 0.42734375 0.89296875 0.10234375 0.13203125
0 0.4734375 0.64609375 0.09453125 0.071875
0 0.53984375 0.81875 0.08203125 0.1859375
0 0.4671875 0.78203125 0.06640625 0.159375
0 0.621875 0.82890625 0.07265625 0.1765625
0 0.69453125 0.83671875 0.0640625 0.18046875
0 0.75703125 0.84453125 0.06171875 0.19765625
0 0.6953125 0.69453125 0.11484375 0.1046875
0 0.4203125 0.58125 0.09140625 0.08359375
0 0.5453125 0.60078125 0.134375 0.0859375
0 0.675 0.57421875 0.075 0.1140625
0 0.80078125 0.596875 0.09375 0.0703125
0 0.8359375 0.746875 0.103125 0.11484375
0 0.87421875 0.89453125 0.08671875 0.2078125
0 0.95234375 0.821875 0.09453125 0.1421875
0 0.95078125 0.69140625 0.07734375 0.11015625
0 0.87734375 0.65078125 0.04609375 0.09453125