0 0.29296875 0.52734375 0.109375 0.1109375
0 0.26484375 0.4109375 0.12734375 0.12109375
0 0.48984375 0.29765625 0.0921875 0.13515625
0 0.62890625 0.30546875 0.11953125 0.1890625
0 0.72421875 0.42578125 0.1015625 0.0953125
0 0.796875 0.5265625 0.18671875 0.1140625
0 0.7515625 0.68984375 0.1 0.159375
0 0.91796875 0.75859375 0.153125 0.23828125
0 0.753125 0.840625 0.16328125 0.13359375
0 0.60234375 0.73828125 0.11796875 0.11484375
0 0.4765625 0.72890625 0.1328125 0.09765625
0 0.059375 0.18125 0.08828125 0.1546875
0 0.1328125 0.2046875 0.05703125 0.12421875
0 0.3640625 0.2265625 0.10703125 0.1328125