0 0.70703125 0.52734375 0.109375 0.1109375
0 0.73515625 0.4109375 0.12734375 0.12109375
0 0.51015625 0.29765625 0.0921875 0.13515625
0 0.37109375 0.30546875 0.11953125 0.1890625
0 0.27578125 0.42578125 0.1015625 0.0953125
0 0.203125 0.5265625 0.18671875 0.1140625
0 0.2484375 0.68984375 0.1 0.159375
0 0.08203125 0.75859375 0.153125 0.23828125
0 0.246875 0.840625 0.16328125 0.13359375
0 0.39765625 0.73828125 0.11796875 0.11484375
0 0.5234375 0.72890625 0.1328125 0.09765625
0 0.940625 0.18125 0.08828125 0.1546875
0 0.8671875 0.2046875 0.05703125 0.12421875
0 0.6359375 0.2265625 0.10703125 0.1328125